00000000000000011110011110000000
00000000000000010011110010000000
00000000000000010000000010000000
00000000000000011111111110000000
00000000000000010000000010000000
00000000111111111111111111111111
00000000000000011011101100000000
00000000000000011101011100000000
00000000000000011110111100000000
00000000000000011101011100000000
00000000000000011011101100000000
00000000111110011111111100111110
00000000111110011000001000111110
00000000111111011111111011111110
00000000011111011111111011111100
00000000001111111111111111100110
00000000000011111111111111001110
00000000000001110011100111011110
00000000000110111001001111011111
00000000011111011100011111011111
00000000111111001111011111011111
00000000111110010111111111011111
00000000111100111011111111011111
00000000111101111111111111011111
00000000111101111100010000011110
00000000111100010000010000111110
00000000111111110000010000111000
00000000111111110000010000111000
00000000001111111111111111110000
00000000000000011111111111100000
00000000000000011111111111100000
00000000000000011111111111100000
00000000000000111111011111100000
00000000000000111111011111100000
00000000000001111111011111100000
00000000000001001111011110010000
00000000000011100111000110111000
00000000000111111111000111111110
00000000000111111110000111111111
00000000000111111100000011111111