00000000001111001111000000000000
00000000001001111001000000000000
00000000001000000001000000000000
00000000001111111111000000000000
00000000001000000001000000000000
00011111111111111111111111110000
00000000001000000010000000000000
00000000001001110010000000000000
00000000001011000010000000000000
00000000011011000010000000000000
00000000110000000110000000000000
00000000111000000110111111000000
00111100001111000100100001000000
00100111101001001101100001000000
00100000001000001100000010000000
00100000001111111100001100000000
00111110000000000000011011000000
00000011000110001100010001000000
00000110100011011000001001100000
00000100110001110000011000100000
00001100011000010000010000100000
00001000000100000000010000110000
00011000000010000000010000010000
00010000010001100000010000010000
00110000011000010000010000010000
00100001111000001000000000010000
00111110001000000110000000010000
00111110011111110001110000011000
00111110110000001111111110111000
00111110100000000000010011111000
00111111000000000000010011111000
00000001000000111000010011111000
00000011000001101000010011111000
00000110000011101000010000000000
00011100011110001000010000000000
00110000011000001000110000000000
01100000110000001000111110000000
11100011100000001000001110000000
11000011000000001010000111000000
11111111000000001111111111000000