00000000000001111001111000000000
00000000000001001111001000000000
00000000000001000000001000000000
00000000000001111111111000000000
00000000000001000000001000000000
00000011111111111111111111111110
00000000000001000000010000000000
00000000000001001110010000000000
00000000000001011000010000000000
00000000000011011000010000000000
00000000000110000000110000000000
00000000000111000000110111111000
00000111100001111000100100001000
00000100111101001001101100001000
00000100000001000001100000010000
00000100000001111111100001100000
00000111110000000000000011011000
00000000001000110001100010001000
11111111111100011011000001001100
11100000000110001110000011000100
11110000000011000010000010000100
11110000000000100000000010000110
11111100000000010000000010000010
11110111111100001100000010000010
11110000000100000010000010000010
00000000000100000001000000000010
00000000000100000000110000000010
00000000000111111110001110000011
00000000000001000001111111110111
00000000000001000000000010011111
00000000000001000000000010011111
00000000000001000111000010011111
00000000000011000101000010011111
00000000000010000101000010000000
00000000000110000101000010000000
00000000000111000101110111000000
00000000001101100100010101100000
00000000011000001100010000011000
00000000010000011000011000001100
00000000011111110000001111111100