00000000000000000011110011110000
00000000000000000010011110010000
00000000000000000010000000010000
00000000000000000011111111110000
00000000000000000010000000010000
00000000000000001111111111111111
00000000000000000010000000100000
00000000000000000010011100100000
00000000000000000010110000100000
00000000000000000110110000100000
00000000001110001100000001100000
00000000001011001110000001100000
00000000001001100011110001011110
11111000000110111010000011000010
10001000000010000010000011000010
10001000000010000011111111000110
10001000000010000000000000001100
10011100000011100000000000001000
10010010000001100000000001110000
10000001000011000000011110100000
11100001000010000011110000110000
00110000110010000000010000010000
00010000011110000000010000001000
00011000001110000000010000001100
00000110000011000000011000000100
00000011000001000000001000000100
00000000100000110000011100000100
00000000100000010000010111111110
00000000110000001100010011111110
00000000011100000110110101111110
00000000000100000011101101111110
00000000000100000000101101111110
00000000000110000000101100000000
00000000000011000000100000000000
00000000000001000000110000000000
00000000000000100000010000000000
00000000000000110011111000000000
00000000000000010000001000000000
00000000000000011000001100000000
00000000000000001111111100000000