00000000000000000000000000000000
00000000000000000000000000000000
00000000000000000000000000000000
00000000111000111000000000000000
00000000100111001000000000000000
00000000100000001000000000000000
00000000111111111000000000000000
00000000100000001000000000000000
01111111111111111111111100000000
00000000100000001000000000000000
00000001101111001000000000000000
00000011001100011000000000000000
00000011100000011011111100000000
11110000111100010010000100000000
10011110100100110110000100000000
11000000100000110000011000000000
01000000111111110000110000000000
01111000000000000001101100000000
00011100011000110001000100000000
00010010001101100000100110000000
00100001000111000001100010000000
00100001100001000001000010000000
01000000011000000001000011000000
11000001000110000001000001000000
10000011100001000001100001000000
10000010100000100001010001000000
10000110100000011001010001000000
11110100111111000111010001100000
11111000100000111111001011100000
11111000100000000001001111110000
11111000100000000001001111110000
11111000100011100001001111110000
00000001000010100001000000000000
00000001000010110001000000000000
00000001000010010001000000000000
00000001100010010011000000000000
00000011110010010101100000000000
00000110000110010000011000000000
00001000001100011000001100000000
00001111111000001111111100000000