00000000 00000010 10000000 00000000
00000000 00000101 01010000 00000000
00000000 00010110 10100000 00000000
00000000 00001010 00100000 00000000
00000000 00001010 10100000 00000000
00000000 00001010 10100000 00000000
00000000 00000010 10100000 00000000
00000000 00000010 10000000 00000000
00000000 00000010 10000000 00000000
00000000 00110010 10111100 00000000
00000000 00111110 10110111 00001100
00000000 00111110 11111111 00001100
00000000 00111111 11111011 00111100
00000000 01111111 11111011 11110000
00000000 01111111 11111011 11110000
00000000 01111011 11101000 11000000
00000000 01111100 11001000 00000000
00000000 01111111 00001000 00000000
00000000 01111111 11001000 00000000
00000000 00011111 11111000 00000000
00000000 00011000 11111000 00000000
00000000 00011110 00111000 00000000
00000000 00001111 11110000 00000000
00000000 00001111 11110000 00000000
00000000 00001100 00110000 00000000
00000000 00000110 01100000 00000000
00000000 00000111 11100000 00000000
00000000 00001111 11110000 00000000
00000000 00001111 11111000 00000000
00000000 00001110 01111000 00000000
00000000 00011110 00111100 00000000
00000000 00011110 00011100 00000000
00000000 00011110 00011110 00000000
00000000 00111110 00011110 00000000
00000000 00111100 00001111 00000000
00000000 00111100 00000111 10000000
00000000 01111000 00000111 10000000
00000000 11111000 00000011 11000000
00000000 11111000 00000011 11000000
00000001 11110000 00000011 11000000
00000011 11000000 00000011 10000000
00000111 11000000 00000011 10000000
00001111 00000000 00000011 10000000
00001110 00000000 00000011 10000000
00001110 00000000 00000011 10000000
00000110 00000000 00000001 11000000
00000111 00000000 00000001 11100000
00000111 11000000 00000001 11111000 