00000000 00000000 00000000 00000000
00000000 00000000 00000000 00000000
00000000 00000000 00000000 00000000
00000000 00000000 00000000 00000000
00000000 00000000 00000000 00000000
00010100 00000000 00000000 00000000
00101010 10000000 00000000 00000000
10110101 00000000 00000000 00000000
01110001 00000000 00000000 00000000
01011101 00000000 00000000 00000000
01011101 00000000 00000000 00000000
00011100 01110000 00000000 00000000
00111110 11111000 01110000 00000000
01111111 11111111 11110000 00000000
11111111 11111111 11110000 00011111
11111111 11100111 10000000 00111111
11111111 11110000 00000000 01111100
11111111 11111000 00000000 11111000
11111111 11111100 00000011 11100000
01111111 11111110 00001111 11000000
00111101 11111111 00111111 00000000
00011000 11111111 11111100 00000000
00000000 01111111 11111000 00000000
00000000 01111111 11110000 00000000
00000000 00111111 11100000 00000000
00000000 00011111 11000000 00000000
00000000 00011111 10000000 00000000
00000000 00011111 00000000 00000000
00000000 00011110 00000000 00000000
00000000 00111110 00000000 00000000
00000000 00111110 00000000 00000000
00000000 00111100 00000000 00000000
00000000 01111100 00000000 00000000
00000000 01111000 00000000 00000000
00000000 01111000 00000000 00000000
00000000 01110000 00000000 00000000
00000000 01110000 00000000 00000000
00000000 11110000 00000000 00000000
00000000 11100000 00000000 00000000
00000000 11100000 00000000 00000000
00000000 11100000 00000000 00000000
00000000 11100000 00000000 00000000
00000001 11100000 00000000 00000000
00000001 11100000 00000000 00000000
00000001 11000000 00000000 00000000
00000011 11000000 00000000 00000000
00001111 11000000 00000000 00000000
