00000000000000000000000000000000
00000000000000000000000000000000
00000000000000000000000000000000
00000000000000000000000000000000
00000000000000000000000000000000
00000000000000000000000000000000
00000000000000000000000000000000
00000000000000000000000000000000
00000000000000000011111111100000
00000000000000000100000000011000
00000000000000001100000000011100
00000000000000011000000000000110
00000000000000110000000000000010
00000000000000110100101101000001
00000000000000111011010010100001
00000000000000010000000000100001
00000000000000011100001110110001
00000000000000001010011000010001
00000000000000001010011000010001
00000000000000001010011000010011
11000000111100001000000001011100
10100000111111000110011110110000
10010000111000100111000000100000
10001000111000011101111111100000
10001100111101110001001000010000
10011010111101000010010000010000
10010001011111000010100000010000
10010000100001000011000000010000
11110000010010000000000100011000
00001000001110000000000100111100
00000100000111000000001111111100
00000010000011100000011110011100
00000001000001110000010110011100
00000000100000011111100110011100
00000000010000001111000110011000
00000000001000001101000111110000
00000000000100100101000000000000
00000000000010100101000000000000
00000000000001100001000000000000
00000000000000100001000000000000
00000000000000100001000000000000
00000000000000100001000000000000
00000000000000100001000000000000
00000000000000100001000000000000
00000000000001111111000000000000
00000000000010000001000000000000
00000000000100000001000000000000
00000000000111111111000000000000
