00000000000000000000000000000000
00000000000000000000000000000000
00000000000000000000000000000000
00000000000000000000000000000000
00000000000000000000000000000000
00000000000000000000000000000000
00000000000000000000000000000000
00000000000000000000000000000000
00000000000111111111000000000000
00000000001000000000111000000000
00000000011000000000111000000000
00000000110000000000001100000000
00000001100000000000000100000000
01111101101001011010000010000000
01111101110110100101000010000000
11110100100000000001000010000000
11110100111000011101100010000000
11100100010100110000100010000000
11111100010100110000100010000000
11111100010100110000100110000000
11110100010000000010111000000000
01110100001100111101100000000000
01000100001110000001000000000000
01000100011011111110110000000000
01000111100001000100001000000000
01000000000001000100000100000000
01000000000001001000000100000000
00111111111001110000100010000000
00000000000111111111000001000000
00000000001111111110100001000000
00000000001111011110010010000000
00000000001100011000010100000000
00000000001111111111111000000000
00000000001000000000001000000000
00000000001000000000001000000000
00000000001000000000001000000000
00000000001111111111111000000000
00000000001000010100001000000000
00000000001000010100001000000000
00000000001000000100001000000000
00000000001000010000001000000000
00000000001000010000001000000000
00000000010000101000001000000000
00000000111111101111111000000000
00000011100000110000001000000000
00000110000000100000001000000000
00000100000000100000001000000000
00000111111111111111111000000000
