00000000000000000000000000000000
00000000000000000000000000000000
00000000000000000000000000000000
00000000000000000000000000000000
00000000000000000000000000000000
00000000000000000000000000000000
00000000000000000000000000000000
00000000000000000000000000000000
00000000000000000000000000000000
00000011111111111000000000000000
00000111111111111100000000000000
00001111111111111110000000000000
00001111000000011111000000000000
00001100011111000011100000000000
00001001111111011001100000000000
00001011011110111101110000000000
00000011101100011100110000000000
00000011110111111110110000000000
00000011001111111110110000000000
00000001111110001110110000000000
00000001111101111110110000000000
00000000011111111110110000000000
00000000000111111110000000000000
00000000000000111001100000000000
00000000001111000011110000000000
00000000011111011011111000000000
00000000111111011011111100000000
00000011111111101011111110000000
00000111101111111110011110000000
00001111001111111100001110000000
00011110000111111001111110000000
01111100000011111001111100000000
00111000000001111100000000000000
00000000000001111111110000000000
00000000000000111111111000000000
00000000000001000000011000000000
00000000000011110011111000000000
00000000000011110101111000000000
00000000000111111110111000000000
00000000000111110001111000000000
00000000001111100000111000000000
00000000011111000000111000000000
00000000011111000000111000000000
00000000011110000001111000000000
00000000011000000000000000000000
00000000111100000011111000000000
00000000111100000111111000000000
00000000000000000000000000000000
