00000000000000000000000000000000
00000000000000000000000000000000
00000000000000000000000000000000
00000000000000000000000000000000
00000000000000000000000000000000
00000000000000000000000000000000
00000000000000000000000000000000
00000000000000000000000000000000
00000000000001111111110000000000
00000000000010000000010000000000
00000000000010000000001110000000
00000000000110000000001110000000
00000000001100000000000011000000
00000000011000000000000001000000
00000000011000000000000001000000
00000000011000000000000000100000
00000000011010010110100000100000
00000000011101101001010000100000
00000000001000000000010000100000
00000000001110000111011000100000
00000000000101001100001000100000
00000000000101001100001000100000
00000000000101001100001000100000
00000000000100000000001000100000
00000000000100000000101001100000
00000000000110001111001101000000
00000000001011000000010001100000
00000000011011100000011010000000
00000000100011111111100100000000
00000000111001001001100010000000
00000011001001001001101110000000
00000011000111001001001001000000
00000011001111001011111001000000
00000011010011000101111001000000
00000011011011000001111101000000
00000011001011111111111101000000
00000001111111000011111001000000
00000000111111000001111110000000
00000000000010000001111100000000
00000000000110000000000100000000
00000000000100001100000100000000
00000000001100001100000100000000
00000000111100010010000100000000
00000001100011111101111100000000
00000011100001111000000100000000
00000010000001000000000100000000
00000010000001000000000100000000
00000011111111111111111100000000
