00000000000000000000000000000000
00000000000000000000000000000000
00000000000000000000000000000000
00000000000000000000000000000000
00000000000000000000000000000000
00000000000000000000000000000000
00000000000000000000000000000000
00000000000000000000000000000000
00000000000001111111110000000000
00000000000010000000010000000000
00000000000010000000001110000000
00000000000110000000001110000000
00000000001100000000000011000000
00000000011000000000000001000000
00000000011000000000000001000000
00000000011000000000000000100000
00000000011010010110100000100000
00000000011101101001010000100000
00000000001000000000010000100000
00000000001110000111011000100000
00000000000101001100001000100000
00000000000101001100001000100000
00000000000101001100001000100000
00000000000100000000001000100000
00000000000100000000101001100000
00000000000110001111001110100000
00000000001011000000010000110000
00000000011011100000010001001000
00000000100011111111100010000100
00000000111001001000100010011100
00000011001001001000100010010010
00000011000111001001000011110010
00000011001111001010000011110010
00000011010011000100000011111010
00000011011011000000000011111010
00000011001011111111111111110010
00000001111111000001010011111100
00000000111111000001010011111100
00000000000010000000010000100000
00000000000110000000000000100000
00000000000100000011000000100000
00000000001100000011000000110000
00000000111100000100100000111100
00000001100011111100111111000110
00000011100000001000010000000111
00000010000000001000010000000001
00000010000000001000010000000001
00000011111111111000011111111111
