00000000000000000000000000000000
00000000000000000000000000000000
00000000000000000000000000000000
00000000000000000000000000000000
00000000000000000000000000000000
00000000000000000000000000000000
00000000000000000000000000000000
00000000000000000000000000000000
00000000000000000111111111000000
00000000000000001000000000111000
00000000000000011000000000111000
00000000000000110000000000001100
00000000000001100000000000000100
00000000000001101001011010000010
00000000000001110110100101000010
00000000000000100000000001000010
00000000000000111000011101100010
00000000000000010100110000100010
00000000000000010100110000100010
00000000000000010100110000100110
00000000000000010000000010111000
00000000000000001100111101100000
01111111000000001110000001000000
11111111111100011011111110110000
11111111100111100001000100001000
11111111100000000001000100000100
11000110000000000001001000000100
11111111111111111001110000100010
00000000000000000111111111000001
00000000000000001111111110100001
00000000000000001111011110010010
00000000000000001100011000010100
00000000000000001111111111111000
00000000000000001000000000001000
00000000000000001000000000001000
00000000000000001000000000001000
00000000000000001111111111111000
00000000000000001000010100001000
00000000000000001000010100001000
00000000000000001000000100001000
00000000000000001000010000001000
00000000000000001000010000001000
00000000000000010000101000001000
00000000000000111111101111111000
00000000000011100000110000001000
00000000000110000000100000001000
00000000000100000000100000001000
00000000000111111111111111111000
