00000000
11111100
10000010
10000010
11111100
10000100
10000010
10000010


00000000
00111000
01000100
10000010
10000010
10000010
01000100
00111000


00000000
10000010
10000010
10000010
10000010
10000010
01000100
00111000


00000000
10000010
11000010
10100010
10010010
10001010
10000110
10000010


00000000
11111000
10000100
10000010
10000010
10000010
10000100
11111000









00111100
01000010
10000001
10000001
10000001
10000001
01000010
00111100



00111100
01111110
11111111
11111111
11111111
11111111
01111110
00111100







00000000
00011000
00100100
01000010
01000010
01000010
00100100
00011000


00000000
00001000
00011000
01111000
00001000
00001000
00001000
00001000

00000000
00111100
01000010
01000100
00001000
00010000
00100000
01111110


00000000
00111100
01000110
00000010
00001100
00000010
01000110
00111100


00000000
00001100
00010100
00100100
01111110
00000100
00000100
00000100


00000000
01111110
01000000
01011100
01100010
00000010
01000010
00111100


00000000
00111100
01000010
01000000
01111100
01000010
01000010
00111100


00000000
01111110
00000010
00000100
00001000
00010000
00100000
01000000


00000000
00111100
01000010
01000010
00111100
01000010
01000010
00111100


00000000
00111100
01000010
01000010
00111110
00000010
01000010
00111100




