01111111
10000000
10000000
10000000
10000000
10000000
10000000
01111111

01111111
10000000
10011000
10011000
10011000
10011000
10000000
01111111

11111111
00000000
00000000
00000000
00000000
00000000
00000000
11111111

11111111
00000000
00011000
00011000
00011000
00011000
00000000
11111111

11111110
00000001
00000001
00000001
00000001
00000001
00000001
11111110

11111110
00000001
00011001
00011001
00011001
00011001
00000001
11111110



01111111
10000000
10000000
10000000
10000000
10000000
10000000
01111111

01111111
10000000
10111011
10111011
10111011
10111011
10000000
01111111

11111111
00000000
00000000
00000000
00000000
00000000
00000000
11111111

11111111
00000000
10111011
10111011
10111011
10111011
00000000
11111111

11111110
00000001
00000001
00000001
00000001
00000001
00000001
11111110

11111110
00000001
10111011
10111011
10111011
10111011
00000001
11111110













01111111
10000000
10000000
10000000
10000000
10000000
10000000
01111111

01111111
10000000
10110000
10110000
10110000
10110000
10000000
01111111

01111111
10000000
10110110
10110110
10110110
10110110
10000000
01111111




11111111
00000000
00000000
00000000
00000000
00000000
00000000
11111111

11111111
00000000
11100000
11100000
11100000
11100000
00000000
11111111

11111111
00000000
11101110
11101110
11101110
11101110
00000000
11111111



11111110
00000001
00000001
00000001
00000001
00000001
00000001
11111110

11111110
00000001
11100001
11100001
11100001
11100001
00000001
11111110

11111110
00000001
11101101
11101101
11101101
11101101
00000001
11111110


