00000000000000000000000000000000
00000000000000000000000000000000
00000000000000000000000000000000
00000000111111100000000000000000
00000011000000011000000000000000
00000010000000001000000000000000
00000100000000001000000000000000
00000100000000001000000000000000
00000111111111111000000000000000
00000111111111111000000000000000
11111111111111111000000000000000
11111100000000001000000000000000
00011100011100011000000000000000
00111100000110101000001000000000
01110110000110101000011100000000
01100010000000001000111100000000
00000110000000001011111100000000
00001001001111001010011100000000
00000001000000010110011100001000
00000001110000010110111100010100
00000110001111101010111100100100
00001000000000000011111001000100
00001000000000000010000110000100
00011000100000000001001011000100
00111100100000000001110000100100
00111111110000000011100000100100
00111001111000000111000000100100
00111001101000001110000001111100
00111001100111111000000110000000
00011001100011110000011000000000
00001111100010111000100000000000
00000000000010101001000000000000
00000000000010101010000000000000
00000000000010000100000000000000
00000000000010000100000000000000
00000000000010000100000000000000
00000000000010000100000000000000
00000000000010000100000000000000
00000000000010000100000000000000
00000000000011111110000000000000
00000000000010000001000000000000
00000000000010000000100000000000
00000000000011111111100000000000
00000000000000000000000000000000
00000000000000000000000000000000
00000000000000000000000000000000
00000000000000000000000000000000
00000000000000000000000000000000
