00000000000000000000000000000000
00000000000000000000000000000000
00000000000000000000000000000000
00000000000000000000000000000000
00000000000000000000000000000000
00000000000000000000000000000000
00000000000011111110000000000000
00000000001100000001100000000000
00000000001000000000100000000000
00000000010000000000100000000000
00000000010000000000100000000000
00000000011111111111100000000000
00000000011111111111100000000000
00011111111111111111100000000000
00011111110000000000100000000000
00000001110001110001100000000000
00000011110000011010100000000000
00000111011000011010100000000000
00000110001000000000100000000000
00000000001000000000100000000000
00000000001100111100100000000000
00000000000100000001100000000000
00000000000100000011000000010000
00000000000011100110000000111000
00000000000100111111111111111100
00000000001000000000000000011100
00000000011000000000000000011100
00000000111100000001111110111100
00000000111111000001000001111100
00000000111001000001000001111000
00000000111011111111000000000000
00000000111011011101000000000000
00000000011011010101000000000000
00000000111111010001000000000000
00000000100000010001000000000000
00000000100000100001000000000000
00000001100000100001000000000000
00000001110000100011110000000000
00000010011111011110011000000000
00000010000000100000000100000000
00000010000000010000000100000000
00000011111111111111111100000000
00000000000000000000000000000000
00000000000000000000000000000000
00000000000000000000000000000000
00000000000000000000000000000000
00000000000000000000000000000000
00000000000000000000000000000000
