00000000000000000000000000000000
00000000000000000000000000000000
00000000000000000000000000000000
00000000000000000000000000000000
00000000000000000000000000000000
00000000000000000000000000000000
00000000000000001111111000000000
00000000000000110000000110000000
00000000000000100000000010000000
00000000000001000000000010000000
00000000000001000000000010000000
00000000000001111111111110000000
00000000000001111111111110000000
00000001111111111111111110000000
00000001111111000000000010000000
00000000000111000111000110000000
00000000001111000001101010000000
00000000011101100001101010000000
00000000011000100000000010000000
00000000000000100000000010000000
00000000000000110011110010000000
00000000000000010000000110000000
00000000000000010000001100000000
00000000000000001000001100000000
00000000000000011110110010000000
00000000000000100000000010000000
00000000000001100000100111000000
00000000000011110000111111100000
00000000000011111100110011100000
00000000000011100100110011100000
00000100000011101111110111100000
00000000000011101100010111100000
00000000000001101100011111000000
00000000000011111100010000000000
00000000000010000000011100000000
00000000000010000010000100000000
00000000000110000010000100000000
00000000000111000001001111000000
00000000001001111101111001100000
00000000001000000010000000010000
00000000001000000001000000010000
00000000001111111111111111110000
00000000000000000000000000000000
00000000000000000000000000000000
00000000000000000000000000000000
00000000000000000000000000000000
00000000000000000000000000000000
00000000000000000000000000000000
