00000000000000000000000000000000
00000000000000000000000000000000
00000000000000000000000000000000
00000000000000000000000000000000
00000000000000000000000000000000
00000000000000000000000000000000
00000000000000000000000000000000
00000000000000111111100000000000
00000000000011000000011000000000
00000000000010000000001000000000
00000000000100000000001000000000
00000000000100000000001000000000
00000000000111111111111000000000
00000000000111111111111000000000
00000111111111111111111000000000
00000111111111111111111000000000
00000000011111111111111000000000
00000000111111111111111000000000
00000001110111111111111000000000
00000001100011111111111000000000
00000000000111111111111000000000
00000000001001111111111000000000
00000000001001111111111100000000
00000000011000111111110110000000
00000000111000011111100111000000
00000000111100011111001111000000
00000001111110000000011111100000
00000011111110000000111111100000
00000011111110000000111111100000
00000011111110000000111111100000
00000011111110000000111111100000
00000011111111111111111111100000
00000001111110101000011111100000
00000000111110101000011111000000
00000000000100100000010000000000
00000000001000000000011100000000
00000000011000001000000100000000
00000000111000010100000100000000
00000001111100010100001111000000
00000011111111100011111111100000
00000111111111100011111111110000
00000111111111100011111111110000
00000111111111100011111111110000
00000000000000000000000000000000
00000000000000000000000000000000
00000000000000000000000000000000
00000000000000000000000000000000
00000000000000000000000000000000
