00000000000000000000000000000000
00000000000000000000000000000000
00000000000000000000000000000000
00000000000000000000000000000000
00000000000000000000000000000000
00000000000000000000000000000000
00000000000000000000000000000000
00000000000000000000000000000000
00000000000011111110000000000000
00000000001100000001100000000000
00000000001000000000100000000000
00000000010000000000100000000000
00000000010000000000100000000000
00000000011111111111100000000000
00000000011111111111100000000000
00011111111111111111100000000000
00011111110000000000100000000000
00000001110001110001100000000000
00000011110000011010100000000000
00000111011000011010100000000000
00000110001000000000100000000000
00000000001000000000100000000000
00000000001100111100100000000000
00000000000100000001100000000000
00000000000100000011000000000100
00000000000010000011100000001110
00000000000111000101111111111111
00000000001000111000000000000111
00000000011000000000010000000111
00000000111100000000011111101111
00000000111111000000010000011111
00000000111001000000010000011110
00000000111011000000010000000000
00000000111011000000010000000000
00000000011011111111110000000000
00000000011111010100010000000000
00000000000100010100010000000000
00000000000100000100010000000000
00000000001000000000010000000000
00000000001000001000010000000000
00000000001000001100010000000000
00000000001000001100010000000000
00000000011000001010001000000000
00000000011100010011100100000000
00000000100111110001111111100000
00000000100000001001000000010000
00000000100000000101000000001000
00000000111111111101111111111000
