00000000000000000000000000000000
00000000000000000000000000000000
00000000000000000000000000000000
00000000000000000000000000000000
00000000000000000000000000000000
00000000000000000000000000000000
00000000000000000000000000000000
00000000000000000000000000000000

00000000000000000011111110000000
00000000000000001100000001100000
00000000000000001000000000100000
00000000000000010000000000100000
00000000000000010000000000100000
00000000000000011111111111100000
00000000000000011111111111100000
00000000011111111111111111100000

00000000011111110000000000100000
00000000000000110001110001100000
00000000001111110000011010100000
00000000001111011000011010100000
00000000000000001000000000100000
00000000000000001000000000100000
00000000000000001100111100100000
00000000000000000100000001100000

00000000000000000100000011000000
00000000000000000010000010000000
00000000000000011110111101111000
00000000000000010000000000000100
00000000000000010000000000000100
00000000000000010000000010001100
00000000000000111100000010011100
00000000000000111111000011111110

00000000000000111001000011001110
00000000000000111011111111001110
00000000000000111011011001011110
00000000000000011011101001011110
00000000000000011111010001111100
00000000000000001000100001110000
00000000000000001000000000010000
00000000000000001000001000010000

00000000000000001000001000010000
00000000000000001000001000010000
00000000000000011000001000010000
00000000000000011100001100111100
00000000000000100111110111100110
00000000000000100000001100000001
00000000000000100000000100000001
00000000000000111111111111111111
