00000000000000000000000000000000
00000000000000000000000000000000
00000000000000000000000000000000
00000000000000000000000000000000
00000000000000000000000000000000
00000000000000000000000000000000
00000000000000000000000000000000
00000000000000000000000000000000
00000000000000000011111110000000
00000000000000001100000001100000
00000000000000001000000000100000
00000000000000010000000000100000
00000000000000010000000000100000
00000000000000011111111111100000
00000000000000011111111111100000
00000000011111111111111111100000
00000000011111110000000000100000
00000000000001110001110001100000
00000000000011110000011010100000
00000000000111011000011010100000
00000000000110001000000000100000
00000000000000011000000000100000
00000000000000100100111100100000
00000000000000100100000001110000
00000000000001100010000011001000
00000000000010000001000010001100
00000000000010000001111100000100
00000000000110001000000000001110
00000000001111001000000010011110
00000000001111111000000011111110
00000000001110011000000011001110
00000000001110011000000001001110
00000000001110011000000001011110
00000000000110011000000011011110
00000000000011011111111111011100
00000000000000010010100001000000
00000000000000010010100001000000
00000000000000010000100001000000
00000000000000010000000001000000
00000000000000010000100001000000
00000000000000100000100001110000
00000000000001100000100000010000
00000000000011100001010000010000
00000000000110110001010000111100
00000000001100011110001111100110
00000000010000000010001000000001
00000000010000000010001000000001
00000000011111111110001111111111
