00000000000000000000000000000000
00000000000000000000000000000000
00000000000000000000000000000000
00000000000000000000000000000000
00000000000000000000000000000000
00000000000000000000000000000000
00000000000000000000000000000000
00000000000000000000000000000000

00000000000000011111110000000000
00000000000001100000001100000000
00000000000001000000000100000000
00000000000010000000000100000000
00000000000010000000000100000000
00000000000011111111111100000000
00000000000011111111111100000000
00000000111111111111111100000000

00000000111110000000000100000000
00000000001110001110001100111110
00000000011110000011010101110110
00000000111011000011010101110111
00000000110001000000000101110111
00000000000001000000000101100111
00000000000001100111100101111111
00000000000000100000001101111111

00000000000000100000011111010111
00000000000000010000011011110010
00000000000000111000101111000010
00000000000001000111000000000010
00000000000010000000000000001100
00000000000010000000000000010000
00000000000010000001111111100000
00000000000001001110000010000000

00000000000001100000000010000000
00000000000000100000000010000000
00000000000000111111111110000000
00000000000000100010100010000000
00000000000000100010100010000000
00000000000000100000100010000000
00000000000001000000000010000000

00000000000001000001000010000000
00000000000001000001000010000000
00000000000001000001100010000000
00000000000011000001110001000000
00000000000011100010011100100000
00000000000100111110001111111100
00000000000100000001001000000010
00000000000100000000101000000001
00000000000111111111101111111111
