00000000000000000000000000000000
00000000000000000000000000000000
00000000000000000000000000000000
00000000000000000000000000000000
00000000000000000000000000000000
00000000000000000000000000000000
00000000000000000000000000000000
00000000000000000000000000000000
00000000000000000000000000000000
00000000000000000000000000000000
00000000111111000000000000000000
00000011111100000000000000000000
00000111111000010000000000000000
00000111100001111000000000001100
00000111000011011100000000011000
00000110000110111100000000000000
00000000010011001100000000000000
00000000111011111110000001000000
00000000111111111110000011100000
00000000111110001110000111110000
00000000111110111000101111100000
00000000001111000000111111000000
00000000000000011111111110000000
00000000001111111111111100000000
00000000001101111111111000000000
00000000001101111111110000000000
00000000001110000011110000000000
00000000001110001011110000000000
00000000000100001011111000000000
00000000000000001011111100000000
00000000000001100111111000000000
00000000000001111111100110000000
00000000000000111100011110000000
00000000000000111010111111000000
00000000000000100010111111100000
00000000000000001001100111110000
00000000000000111011000011110000
00000000000000111110000001110000
00000000000000011110000001110000
00000000000000011110000001110000
00000000000000001111000001110000
00000000000000001111000001110000
00000000000000001111000000001000
00000000000000000111000000111100
00000000000000000010000000011110
00000000000000000001100000000000
00000000000000000011111000000000
00000000000000000000000000000000
