00000000000000000000000000000000
00000000000000000000000000000000
00000000000000000000000000000000
00000000000000000000000000000000
00000000000000000000000000000000
00000000000000000000000000000000
00000000000000000000000000000000
00000000000000000000000000000000
00000000000111111100000000000000
00000000011000000011000000000000
00000000010000000001000000000000
00000000100000000001000000000000
00000000100000000001000000000000
00000000111111111111000000000000
00000000111111111111000000000000
00111111111111111111000000000000
00111111100000000001000000000000
00000011100011100011000000000000
00000111100000110101000000000000
00001110110000110101000000000000
00001100010000000001000000000000
00000000110000000001000000000000
00000001001001111001000000000000
00000001001000000011100000000000
00000011000100000110010000000000
00000100000010000100011000000000
00000100000011111000001000000000
00001100010000000000011100000000
00011110010000000100111100000000
00011111110000000111111100000000
00011100110000000110011100000000
00011100110000000010011100000000
00011100110000000010111100000000
00001100110000000110111100000000
00000111111111111111111000000000
00000000100101000010000000000000
00000000100101000010000000000000
00000000100001000010000000000000
00000000100000000010000000000000
00000000100001000010000000000000
00000001000001000011100000000000
00000011000001000000100000000000
00000111000010100000100000000000
00001101100010100001111000000000
00011000111100011111001100000000
00100000000100010000000010000000
00100000000100010000000010000000
00111111111100011111111110000000
